15 15 16
15 1000 15
1004 1005 16
1001 15 15
15 15 15
15 999 15
1003 1005 15
1003 15 15
15 15 15
15 1001 15
15 1013 15
1003 15 15
1003 15 15
15 15 15
15 999 15
1003 15 15
1003 15 15
16 15 15
15 1000 15
1004 1006 15
1003 15 15
15 15 15
15 999 15
15 1006 15
1003 16 15
1001 15 15
15 15 15
16 1000 15
1004 1006 15
1002 15 15
15 15 15
15 1001 15
1003 1005 16
1001 15 15
15 15 15
15 999 15
929 1006 15
1005 15 15
1003 15 15
15 15 15
15 1000 15
1004 1005 15
1002 15 15
15 15 15
15 999 15
15 1005 15
960 15 15
1003 15 15
15 15 15
15 1000 15
1004 1006 15
1003 15 15
15 15 15
16 1000 15
999 1005 15
1004 15 15
1003 15 15
15 15 15
15 1000 14
1004 1006 15
1004 15 15
15 16 15
15 999 15
1002 1005 15
1001 15 15
15 15 15
15 1000 15
15 1007 15
1004 1006 15
1002 15 15
16 15 15
15 1000 15
1003 1005 15
1003 15 15
15 15 15
15 999 15
1002 1005 15
1003 15 15
15 15 15
16 1000 15
976 1006 15
995 15 15
1002 15 15
15 994 15
15 999 15
1002 1005 16
1003 15 14
15 15 15
15 1000 15
15 1000 16
1004 15 15
1002 15 15
15 15 15
15 999 15
1004 1005 15
1002 15 15
15 15 15
15 1000 15
1004 1006 15
1003 15 15
15 15 15
15 1000 15
15 1006 15
1003 16 15
1002 15 15
15 15 15
15 1000 15
1004 1006 15
1003 15 15
15 15 15
15 1000 15
1004 1006 15
1001 15 14
16 15 15
15 999 16
15 1006 16
1003 15 15
1003 15 15
15 15 15
15 1000 15
1004 1006 16
1003 15 15
15 15 14
15 999 15
15 1006 15
1003 16 15
1003 15 15
15 999 15
15 1000 15
1004 15 15
1002 15 15
16 15 15
15 999 15
1003 1005 15
998 15 15
15 15 15
15 1000 15
0 1006 15
1002 15 15
1003 15 15
15 999 15
15 1023 15
1003 15 15
1003 15 15
15 15 15
15 1000 15
1004 1006 15
1003 15 15
1003 15 15
15 1000 15
15 1006 15
1004 15 15
1001 15 15
15 15 15
15 999 15
1003 1005 15
1003 15 15
15 15 15
15 1001 15
1003 1007 15
1002 15 15
15 16 15
16 999 15
1002 1005 15
1001 15 15
15 15 15
15 1000 15
1003 1006 15
1003 15 15
15 15 15
16 1000 15
1002 1005 15
1002 15 15
15 15 15
16 999 15
15 999 15
990 15 15
1003 15 15
15 1000 15
15 1002 15
1001 15 15
1003 15 15
15 15 15
15 999 15
1004 1005 15
1001 15 15
15 15 15
15 1000 15
1004 1006 15
1002 15 15
15 15 15
15 1000 15
1003 1005 15
1001 15 15
16 15 15
15 999 15
1003 1006 15
1002 15 15
15 15 15
15 1000 15
1004 1006 15
1001 15 16
1003 15 15
15 994 15
15 999 15
1002 15 15
1003 15 14
16 994 15
15 1000 15
1005 15 15
1003 15 15
15 15 15
15 1000 15
1009 1008 1007
1007 15 1000
15 15 15
15 1000 15
1004 1006 15
1002 15 15
15 15 15
15 1000 15
1004 1006 15
1003 15 15
15 15 15
15 1000 15
1001 1005 15
1003 15 15
15 15 15
16 1000 15
945 1006 15
1005 15 15
1003 15 15
15 15 15
16 999 15
1003 15 15
1001 15 15
15 999 15
15 1008 15
1004 15 15
1002 15 15
15 15 15
15 1000 15
1003 1005 15
1003 15 15
15 15 14
15 1000 15
1003 1005 15
1003 15 15
16 15 15
15 1000 15
1004 1006 15
1003 15 15
15 15 15
15 999 15
1002 1005 15
1003 15 15
15 15 15
15 1000 15
15 1006 15
1004 1006 15
1002 15 15
15 15 15
15 999 15
1004 1005 15
1001 15 15
15 989 15
16 1001 15
1003 15 15
1003 15 15
15 997 15
16 1000 15
1004 15 15
1002 15 15
15 15 15
15 999 15
1002 1005 15
1003 15 15
15 15 15
15 1000 15
1004 1006 15
1002 15 15
15 15 15
15 999 15
1003 1005 15
1003 15 15
15 15 15
15 1001 15
1003 1006 15
1002 15 15
15 15 15
15 1000 15
15 1008 15
1003 15 15
1002 15 15
15 15 15
16 999 15
1003 15 15
1003 15 15
15 998 15
15 1023 15
1004 15 15
1002 15 15
15 15 15
15 999 15
1003 1005 15
1001 15 15
15 15 15
15 1002 15
1003 1006 15
1004 15 15
15 15 15
15 1000 15
1003 1005 15
1003 15 15
15 15 15
15 1000 15
1004 15 15
1003 15 15
15 15 15
15 1000 15
1004 1006 15
1003 15 15
15 15 15
15 999 15
1003 15 15
1001 15 15
15 999 15
998 1006 15
1002 15 15
15 15 15
15 1001 15
993 1005 15
869 15 15
1002 15 15
15 994 15
15 999 15
1004 15 15
1003 15 14
15 15 15
15 1000 15
1004 15 15
15 15 15
15 999 15
1003 1005 15
1001 15 15
15 15 15
15 1000 15
1004 1006 15
1002 15 15
15 15 15
15 1001 15
1003 1005 16
1003 15 15
15 15 15
15 999 15
1003 15 15
1003 15 15
15 1000 15
1004 1006 15
1003 15 15
15 15 15
15 1000 15
1003 1005 15
1001 15 15
15 15 15
15 1000 15
1004 1006 15
1002 15 15
15 15 15
15 1000 15
1004 15 15
15 15 15
15 1000 15
1002 1005 15
1002 16 15
15 15 15
15 1000 15
1004 1006 15
1001 15 15
15 15 15
16 1000 15
1003 16 15
15 15 15
15 999 15
1002 1005 15
1002 15 15
15 15 15
15 1000 15
1005 1006 15
1002 15 15
15 15 15
15 1006 15
1001 15 15
15 15 15
15 1000 15
1002 1005 15
1003 15 14
15 1000 15
1004 1006 15
1001 16 15
15 15 15
15 999 15
1002 15 15
15 15 15
15 999 15
1002 1005 15
1003 15 15
15 999 15
1003 1006 15
1002 15 15
15 15 15
15 1000 15
1003 1005 15
1003 15 15
15 1000 15
1003 1005 15
1003 15 15
15 992 15
1002 1006 15
1002 16 15
15 15 15
1003 1006 15
1001 15 15
15 15 15
1002 1005 15
1001 15 15
15 15 15
15 1000 15
1003 15 15
15 15 15
15 1000 15
1002 15 15
15 15 15
15 999 15
1000 15 15
15 15 15
15 1001 15
1002 16 15
15 15 15
15 1000 15
1003 15 15
15 15 15
15 1005 15
1002 15 15
15 15 15
1003 1005 15
1003 15 15
15 999 15
1003 1006 15
1004 15 15
15 1000 15
1004 1006 15
1001 15 15
15 999 15
1003 1005 15
15 15 15
16 1000 15
1001 15 15
15 15 15
15 1000 15
1003 15 15
15 15 15
1002 1005 15
1001 15 14
15 999 16
1003 1006 15
15 15 15
15 1000 15
1002 15 16
16 15 15
15 1000 15
1002 15 15
15 15 15
1003 1005 15
1001 15 15
16 999 15
1002 15 14
15 15 15
15 1006 15
1002 15 15
16 1000 16
1003 1005 15
1001 15 15
15 999 15
1002 15 15
15 15 15
1004 1006 15
1002 15 15
15 1000 15
1004 15 15
15 15 15
1003 1006 15
1002 15 15
15 999 15
1003 15 15
15 15 15
1004 1006 15
1003 15 15
15 1000 15
1000 15 15
15 15 14
1003 1005 15
15 15 15
15 1000 15
1002 15 15
15 994 15
1004 1006 15
15 15 15
15 1000 15
1003 15 15
15 999 15
1002 1006 15
15 15 15
15 1006 15
1002 15 15
15 999 15
1003 15 15
15 15 15
1003 1006 15
1003 15 15
15 1000 15
1001 15 15
15 999 15
1003 1005 15
15 15 15
15 1007 15
1002 15 15
15 1000 15
1004 15 15
15 15 15
1004 1006 15
1003 15 16
15 999 15
1001 15 15
15 999 15
1003 15 15
15 15 15
1004 1006 15
1002 15 15
15 1000 15
1002 15 15
16 999 15
1004 15 15
15 15 15
1002 1005 15
15 15 15
1002 1006 16
1003 15 15
15 1000 15
1003 16 15
15 1000 15
1003 15 15
15 15 15
1003 1005 15
15 15 15
1002 1006 15
1003 15 15
15 1000 15
1003 15 15
15 1000 15
1002 15 15
15 15 15
1003 1005 15
15 15 15
1002 1005 16
1001 15 15
16 1000 15
1003 15 15
16 1000 15
1002 16 15
15 998 15
1004 1006 15
15 15 15
1003 1005 15
15 15 15
15 1006 15
1002 16 15
15 1000 15
1003 15 15
15 1000 15
1002 16 15
15 997 15
1003 1005 15
15 15 15
1003 1005 16
15 15 15
15 1007 15
1002 15 15
15 1000 15
1002 15 15
15 1000 15
1002 15 15
15 999 16
1001 15 15
15 998 15
1002 15 15
15 15 15
1004 1006 15
15 15 15
1003 1006 15
1002 15 15
15 1000 15
1002 16 15
15 999 15
1001 15 15
15 999 15
990 15 15
15 1000 15
1003 15 15
15 15 15
1003 1006 15
15 15 15
15 1005 15
1002 15 15
15 999 15
1001 15 15
15 1000 15
1002 15 15
15 997 15
1003 15 15
15 15 15
1003 1006 15
15 15 15
999 1005 15
1001 15 15
15 1000 15
1002 16 15
15 1001 15
1002 15 15
15 1001 15
1003 15 15
15 15 15
1003 1005 15
15 15 15
1002 1005 15
15 15 15
1002 1006 15
15 15 15
15 1009 15
1003 15 15
15 1000 15
1001 15 15
15 999 15
1001 15 15
15 999 15
1000 15 14
15 1000 15
1004 15 15
15 15 15
1004 1007 15
15 15 15
1003 1005 15
15 15 15
1002 1006 15
1001 15 15
15 1007 15
1003 15 15
15 1000 15
1002 15 15
15 1000 15
1002 15 15
15 999 15
976 15 15
15 15 15
1003 15 15
15 15 15
1004 1006 15
15 15 15
1003 1006 16
15 15 15
15 1006 15
1002 15 15
15 1000 15
1001 15 15
15 999 15
1001 15 15
15 1000 15
1002 15 15
15 1000 15
1002 15 15
15 1000 15
1003 15 15
15 15 15
1003 15 15
15 15 15
1004 1006 15
15 15 15
1004 1006 15
15 15 15
1004 1006 15
15 15 15
1003 1005 15
15 15 15
1002 1005 15
15 15 15
15 1006 15
1003 15 15
15 1006 15
1003 15 15
15 1007 15
1002 15 15
15 1023 15
1002 15 15
15 999 15
1001 15 15
15 999 15
1003 15 15
15 1000 15
1003 16 15
15 1000 15
1001 15 15
15 999 15
988 15 15
15 1000 15
1001 15 15
15 999 15
1001 16 15
15 1000 15
1004 15 15
15 1000 15
1004 15 15
16 999 15
1004 15 14
15 15 15
1004 1006 15
15 15 15
1004 15 15
15 15 15
1004 15 15
15 1000 15
1003 15 15
15 999 15
1001 15 15
15 999 15
1003 15 16
15 1001 15
1002 15 15
15 1000 15
1002 15 15
15 1000 15
1003 15 15
16 1000 15
1002 15 15
15 1006 15
1002 15 15
960 1006 15
15 15 15
1003 1006 15
15 15 15
995 1006 15
15 15 15
1003 1005 15
15 15 15
1003 1008 1007
15 15 15
1004 1005 15
15 15 15
1004 1007 15
15 15 15
1004 15 15
15 998 15
1004 15 15
15 15 15
1003 15 15
15 999 15
1001 15 15
15 999 15
1002 15 15
15 1000 15
1003 15 15
15 1000 15
1003 15 15
15 999 15
1002 15 15
15 999 15
1002 15 15
15 1000 15
1003 15 15
15 1001 15
1002 15 15
15 1006 15
1002 15 15
992 1005 15
15 15 15
1002 1005 15
15 15 15
1004 1006 15
15 15 15
1004 1006 15
15 15 15
1004 1006 15
15 15 15
1003 1005 15
15 15 15
1004 1005 15
15 15 15
1004 1006 15
15 15 15
1004 1006 15
15 15 15
1004 1006 15
15 15 15
1003 1005 15
16 15 15
1002 1005 15
15 15 15
1004 1007 15
16 15 15
1005 1006 15
15 15 15
1004 1006 15
15 15 15
1004 1005 15
15 15 15
1004 1005 15
15 15 15
1004 15 15
15 975 15
1003 15 15
15 1000 15
1003 15 15
15 1000 15
1001 15 15
15 999 15
1002 15 15
15 1000 15
1003 15 15
15 1000 15
1003 15 15
15 1000 15
1003 15 15
15 1000 15
1002 15 15
15 999 15
1002 15 15
15 1000 15
1003 15 15
15 982 15
1003 15 15
15 1001 15
1003 15 15
16 1001 15
1001 15 15
15 999 15
1001 15 15
15 1000 15
1003 15 15
15 1007 15
1002 15 15
15 1018 15
1003 15 15
16 1006 15
1002 15 14
15 1008 15
1002 15 15
15 1007 16
1003 15 15
15 1006 15
1003 15 15
1002 1006 16
15 15 15
1003 1006 15
15 15 15
1003 1005 16
15 15 16
1003 15 15
15 15 15
1004 1006 15
15 60 15
1004 15 15
15 998 15
1003 15 15
15 999 15
1000 15 15
15 999 15
1001 15 15
16 1000 15
1003 15 15
15 1000 15
1003 15 15
15 999 15
1002 15 15
15 999 16
1001 15 15
15 1000 15
1001 15 15
15 1000 15
1002 15 15
15 1000 15
1001 15 15
15 999 15
969 15 15
15 998 15
1003 1005 15
15 15 15
1004 1006 15
15 15 15
1005 1006 15
15 15 15
1005 1006 16
15 15 15
1004 1005 15
15 15 15
1002 1005 16
15 15 15
1003 1006 15
15 15 15
1003 1006 16
15 15 15
1004 1006 15
15 15 15
1003 1005 15
15 15 15
1003 1005 15
15 15 15
1004 1006 16
15 15 15
1004 1006 16
15 15 15
1004 1006 16
15 15 15
1003 1006 15
15 15 15
998 1005 15
1002 15 15
15 1007 15
1003 15 15
15 1008 15
1002 15 15
15 1000 15
1002 16 15
15 999 15
1002 15 15
16 999 15
1000 15 15
15 999 15
1001 15 15
15 1000 15
1004 15 14
15 15 15
1004 1006 15
15 15 15
1003 1006 15
15 16 15
996 1005 15
1002 15 15
15 1008 15
1003 15 15
15 1001 15
1002 15 15
15 1000 15
1002 15 15
15 999 15
1003 15 15
15 999 15
1002 15 15
15 1000 15
1001 15 15
15 1000 15
1004 15 15
15 15 15
1004 1005 15
15 15 15
1004 1006 15
15 15 15
1004 1006 15
15 15 15
1003 1006 15
15 15 15
15 1007 15
1002 15 15
15 1000 15
1002 15 15
15 999 15
1003 15 15
15 1000 15
1002 15 15
15 1000 15
1003 15 14
15 1000 15
1002 15 15
15 999 15
1001 15 15
15 999 15
1003 15 15
15 996 15
1004 15 15
15 996 15
1003 15 15
15 15 15
1004 1006 15
15 15 15
1003 1005 15
15 15 15
1003 1005 15
15 15 15
1004 1007 15
15 15 15
1004 1006 15
15 985 15
1003 15 15
15 15 15
1004 15 15
15 15 15
1004 15 15
15 999 15
1000 15 15
15 1000 15
1001 16 14
16 1000 15
1002 15 15
15 1001 15
1001 15 15
15 1000 15
1001 15 15
15 1000 15
1003 15 15
15 1000 15
1003 15 15
15 1000 16
1002 15 15
15 999 15
1001 15 15
15 999 15
1002 15 15
15 1000 16
1003 15 15
15 1006 15
15 15 15
15 1007 15
15 15 15
1002 1005 15
15 15 15
1003 1005 15
15 15 14
1003 1005 15
15 998 15
1003 15 15
15 1000 14
1003 15 15
15 1000 15
1002 15 15
15 1006 15
15 15 15
1003 1006 15
15 15 15
1005 15 15
15 1000 15
1003 15 15
15 1000 15
1003 15 15
16 1006 15
15 15 15
1003 1005 15
15 15 15
1003 15 15
15 1001 15
1002 15 15
15 1000 15
1003 15 15
15 1006 15
15 15 15
1003 1005 15
15 15 15
1004 15 15
15 1000 15
1003 15 15
15 1000 15
1003 15 15
1000 1006 15
15 15 15
1004 1005 15
15 998 15
1000 15 15
16 999 15
1001 15 15
16 1007 16
1002 15 15
1004 1006 16
15 800 15
1001 15 15
15 999 15
1002 15 15
15 1006 15
15 15 15
1004 1006 15
15 999 15
1002 16 15
15 1000 15
1003 15 15
16 1007 15
15 15 15
1004 952 15
15 998 15
1002 15 15
16 1000 15
1003 15 15
329 1006 15
15 15 15
1004 15 15
15 998 15
1001 15 15
15 1000 15
1002 15 15
1002 1006 15
15 966 15
1003 15 15
15 1000 15
1003 15 15
1003 1006 15
15 0 15
1003 15 15
15 999 15
1002 15 15
15 1006 15
15 15 15
1004 15 15
15 1000 15
1003 15 15
999 1007 15
15 15 15
1002 15 15
16 999 15
1001 15 15
991 1006 15
15 15 15
1002 15 15
15 1000 15
1003 15 15
1003 1006 15
15 15 15
1004 15 15
15 999 16
1001 15 15
15 1000 15
15 15 15
1004 15 15
15 1000 15
1005 15 999
15 1002 15
16 15 15
1003 1006 16
15 999 15
1001 15 15
15 1000 15
1003 15 15
1004 1006 15
16 999 15
1003 15 15
15 1001 15
15 15 15
1004 1006 15
16 999 15
1002 15 15
15 1006 15
15 15 15
1004 15 15
15 1000 15
1004 15 14
1003 1006 15
15 15 15
1002 15 15
15 1007 16
16 15 15
1004 15 15
15 1000 15
1003 15 15
1004 1006 15
16 996 15
1002 15 15
15 1006 15
15 15 15
1002 15 15
15 999 15
16 15 15
1004 15 15
15 1000 15
1003 15 15
1003 1007 15
15 1000 15
1002 15 15
16 1006 15
15 15 15
1001 15 15
15 1006 15
15 15 15
992 15 15
16 1001 15
15 15 14
1004 15 15
15 1000 15
16 15 15
1004 15 15
15 999 15
15 15 15
1001 15 15
15 1008 15
15 15 15
1005 15 15
15 1000 15
15 15 15
1004 15 15
15 1023 15
15 15 15
1003 15 15
15 1008 15
15 15 15
1002 15 15
15 1000 15
15 15 15
1001 15 14
15 1006 14
15 996 15
1001 15 15
1003 1006 15
15 999 15
1002 15 15
1003 1006 15
15 1000 15
1003 15 15
1003 15 15
15 999 16
16 15 15
1002 15 14
1003 1006 15
15 1001 15
1002 15 15
1005 15 15
15 1001 15
15 15 15
1002 15 15
1003 1005 15
15 999 15
1002 15 15
1004 15 14
15 1007 15
15 15 15
1003 16 15
1003 1007 15
15 1000 15
15 15 15
1004 15 15
15 1007 15
16 15 15
1002 15 15
1004 1006 15
15 1001 15
15 15 15
1001 15 15
15 1007 15
15 995 15
1001 15 15
1004 15 15
15 999 15
15 15 15
1003 15 15
1004 1006 15
15 1000 16
15 15 15
1003 15 15
1002 1005 15
16 999 15
15 15 15
1002 15 15
974 1006 15
15 999 15
1002 15 15
1005 15 15
16 1007 15
15 1000 15
1002 15 15
1004 15 15
15 1019 15
16 320 15
1002 15 15
1004 16 15
15 1000 15
16 15 15
1003 15 15
1004 1006 15
15 1000 15
15 15 15
1002 16 15
1001 1005 15
15 999 15
16 16 15
980 15 15
15 1006 16
15 999 15
1002 14 15
1004 14 15
15 999 15
15 552 15
1001 15 15
1004 15 15
15 1000 15
15 15 15
1004 16 15
15 1007 16
15 997 16
1001 15 15
1002 1005 15
15 999 15
1001 15 15
1003 15 15
15 1000 15
15 15 15
1004 15 15
15 1007 15
15 987 15
1001 15 15
1002 1005 15
15 1000 15
1001 16 15
1004 1005 15
15 1000 15
1003 15 15
1005 15 15
16 1000 15
1003 15 15
1003 1006 15
15 999 15
1001 15 15
1001 1005 15
15 999 15
1002 15 15
15 1006 15
15 15 15
1003 15 15
15 1000 15
1002 15 15
1004 1005 15
15 1000 15
1001 15 15
15 999 15
1002 15 15
1004 1006 15
15 15 15
999 15 15
16 1000 15
1002 15 14
15 1006 15
15 15 15
1003 1005 15
15 999 15
1001 15 15
15 1000 15
1003 15 15
15 1007 16
15 15 15
1004 1006 15
15 15 15
1003 15 15
16 1000 15
1002 15 15
15 1000 15
1003 15 15
15 1007 15
16 15 15
1004 1006 15
15 997 15
976 15 15
15 1000 15
1002 15 15
15 999 15
1002 15 15
1003 1006 15
15 15 15
1005 15 15
15 999 15
1001 15 15
15 1000 15
1002 15 15
991 1005 15
15 15 15
1003 15 15
15 1001 15
1002 15 15
15 1000 15
15 15 15
1003 1006 15
15 805 15
1002 15 15
15 999 15
1001 16 15
1004 1006 15
15 15 15
1003 15 15
15 1000 15
1003 15 15
1003 1005 15
15 999 15
1001 15 15
15 1006 15
15 15 15
1004 15 15
15 1001 15
15 15 15
1003 15 15
16 999 15
1001 15 15
999 1005 15
15 15 15
1002 15 15
15 1009 15
15 15 15
1005 15 15
15 1000 15
1003 15 15
1003 1006 15
16 999 15
1001 15 15
1001 1005 15
15 998 15
1002 15 15
1003 1006 15
15 996 15
1002 15 15
1003 1007 15
15 15 15
1002 15 15
16 1007 15
15 15 15
1001 15 15
15 1006 15
15 997 15
1002 15 15
0 1006 15
15 997 15
1001 15 15
15 1006 15
15 995 15
1001 15 15
1002 1005 15
15 999 15
1002 15 15
1005 15 15
15 1000 15
16 15 15
1003 15 15
15 1000 15
15 15 15
1009 15 1000
15 1007 15
15 15 15
1002 15 15
1002 1006 15
15 1000 15
1003 15 15
1002 1006 15
15 1000 15
15 15 15
1003 15 15
15 1000 15
15 15 15
1003 15 15
1002 1006 15
15 1000 15
1003 15 15
1004 15 15
15 1023 15
15 15 15
1001 15 15
1003 1006 15
15 999 15
15 16 15
1002 15 15
1003 1006 15
15 1000 15
539 15 15
924 15 15
15 1006 15
15 999 15
1001 15 15
1003 15 15
15 1008 15
15 15 15
1003 15 15
1000 15 15
15 1000 15
15 15 15
1002 15 15
1004 15 15
15 999 15
15 15 15
1003 15 15
1004 15 15
15 1008 15
15 972 15
1002 15 15
966 15 15
1002 1006 15
15 999 15
16 15 15
1003 15 15
1003 1006 15
15 1000 15
15 998 15
1002 15 14
1003 15 15
15 1005 15
15 999 15
15 15 15
1000 15 15
1003 1006 15
15 1000 15
15 15 15
1003 15 15
1005 15 15
889 1006 15
15 999 15
15 15 15
1002 15 15
1003 15 15
15 1015 15
15 1000 15
15 15 15
1003 15 15
1004 15 15
968 1006 15
16 1000 15
15 15 15
1002 15 15
1000 15 15
1004 1006 15
16 1007 15
15 1000 16
15 15 15
1003 15 15
1004 15 15
956 1005 15
15 999 15
16 15 15
1002 15 15
1002 15 15
1004 1006 15
16 1000 15
15 1000 15
15 15 15
1003 15 15
1003 15 15
1000 1005 15
16 999 15
16 998 15
15 15 15
1003 15 15
1002 15 15
1004 15 15
15 1007 15
15 1000 15
15 15 15
15 16 15
1001 15 15
1003 15 15
15 1006 15
15 1000 15
15 999 15
1002 15 15
1002 14 15
1003 15 15
1001 1006 15
15 999 15
15 996 15
15 15 15
1003 15 15
1004 15 15
1004 1006 15
15 1001 15
16 1001 15
15 15 15
1002 15 15
1002 15 15
1004 15 15
1000 1005 15
16 999 15
16 999 15
15 15 15
1003 15 15
1003 15 15
1003 15 15
1001 1005 15
15 1010 15
15 999 15
15 15 15
1003 15 15
1003 15 15
1004 15 15
1002 1006 16
15 1023 15
15 1001 15
15 15 15
1002 15 15
1002 15 15
896 15 15
1003 15 15
999 1006 15
15 1007 15
15 1000 15
15 1000 15
15 15 15
1003 15 15
1001 15 15
1000 15 15
1002 15 15
1002 1006 15
15 1006 15
15 1000 15
15 999 15
15 15 15
1003 15 15
1002 15 15
1004 15 15
1002 1005 15
15 1016 15
16 999 15
16 999 15
15 15 15
1003 15 15
1003 15 15
979 15 15
1003 15 15
15 1005 15
15 1006 15
16 999 15
15 999 16
15 15 15
1004 15 15
1002 15 15
1003 15 15
1004 15 15
1003 1005 15
15 1000 15
15 1000 15
15 997 15
15 15 15
1003 15 15
1003 15 15
1004 15 15
1001 1006 15
15 999 16
15 999 15
15 15 15
1003 15 15
1001 15 15
1003 15 15
1003 15 15
980 1006 15
15 1000 15
15 1000 16
15 999 15
15 15 15
1002 15 15
1003 16 15
1004 15 15
1004 15 15
1002 1006 15
15 1000 15
15 1000 15
16 999 15
15 15 15
1002 16 15
1002 15 15
997 15 15
1003 16 15
1000 1006 15
15 1006 15
15 1000 15
15 998 15
15 15 15
1003 15 15
998 15 15
1002 15 15
996 15 15
1002 15 16
1002 16 15
15 1006 15
15 1000 15
15 1000 15
15 1000 15
16 996 15
15 15 15
1002 15 15
1002 15 15
1006 16 995
1004 16 15
1003 15 15
15 1007 15
15 1007 15
15 1000 15
16 999 15
15 465 15
16 15 15
1002 15 15
1002 15 14
1002 15 15
1005 15 15
1004 1006 16
15 1006 15
15 1012 15
15 1000 15
15 999 15
15 999 15
15 15 15
1002 15 15
1002 15 15
1003 15 15
1002 15 15
1003 15 15
993 1006 15
15 1006 15
15 999 15
16 999 15
15 985 15
15 15 15
15 15 15
1003 15 15
1003 15 15
1005 15 15
1005 15 15
1004 1006 15
995 1005 16
15 1005 15
15 1006 16
15 1007 15
15 1000 15
15 1000 15
15 995 15
15 15 15
15 15 15
1003 15 15
1001 15 15
1002 15 15
1002 15 15
1002 16 15
997 1005 15
15 1006 15
15 1006 15
15 1002 16
15 1001 15
15 15 15
15 15 15
15 15 15
15 15 14
1002 15 15
1002 15 15
1002 15 15
1003 15 15
1003 15 15
1005 15 15
1003 15 15
1002 15 15
1000 1006 15
885 1006 15
15 1006 15
15 999 15
15 1000 15
15 999 15
15 998 15
15 15 15
15 15 14
1002 15 14
1002 15 15
1002 15 15
1002 15 15
1004 15 15
1005 15 14
1004 15 15
1004 15 15
1003 1006 15
997 1006 15
15 1006 15
15 1005 15
15 1010 15
15 999 15
15 1000 15
15 1000 15
15 1000 15
15 987 15
15 15 15
15 15 15
15 15 15
1002 15 14
1002 15 15
1003 15 15
1004 15 15
1004 15 15
1004 15 15
1004 1006 15
1001 1006 15
15 1006 15
15 1007 15
15 999 15
15 999 15
15 999 15
15 999 15
15 997 15
15 0 15
15 15 16
15 15 15
1002 15 16
1003 15 15
1002 16 16
1001 15 15
1004 15 15
1004 16 15
1003 15 15
1003 1006 15
15 1006 16
15 1008 15
15 1000 15
15 999 15
15 999 15
15 998 15
15 998 15
15 998 15
16 0 15
15 15 16
15 15 15
16 15 15
1003 15 15
1003 15 15
1003 15 15
1002 15 15
1003 15 15
1003 15 15
1003 15 15
1005 15 15
1005 15 15
1004 15 15
1004 15 15
1003 1005 15
1000 1005 15
1001 1006 15
15 1006 15
15 1006 15
15 1007 15
16 1023 15
15 1014 15
15 1000 15
15 999 15
15 999 15
15 999 15
15 999 15
15 1000 15
16 1000 16
15 1001 15
15 998 15
15 998 15
15 15 15
15 15 14
15 15 14
1002 15 15
1002 15 15
1002 15 15
1002 15 15
1002 15 14
996 15 15
1004 15 15
1003 16 15
1001 15 15
1002 1005 15
999 1005 15
998 1005 15
15 1005 15
15 1006 15
15 1001 15
15 1001 15
15 1000 15
15 1000 15
15 999 15
15 999 15
15 998 15
15 15 15
15 15 15
1003 15 15
1003 15 15
1003 15 15
1002 15 15
1002 15 15
1001 15 15
1001 15 15
1002 15 15
999 15 15
998 15 15
1003 15 15
1004 15 15
1004 15 15
1005 15 15
1004 15 15
1004 15 15
1003 15 15
1003 16 15
1002 1005 15
15 1005 16
15 1008 991
15 1000 15
15 1000 15
15 1000 15
15 1000 15
15 1000 15
15 998 15
15 997 15
15 15 15
15 15 15
15 15 15
15 15 15
15 15 15
1003 15 15
1003 15 16
1003 15 15
1003 14 15
1002 15 15
1003 15 15
1003 15 15
1002 15 15
1004 15 15
1004 15 15
1004 15 15
1005 15 15
1004 15 15
1001 1005 15
999 1005 15
995 1005 15
1000 1006 15
902 1006 15
15 1006 15
15 1006 15
15 1000 15
15 1022 15
15 1001 15
15 1001 15
15 1007 15
15 1006 15
15 1006 15
15 1023 15
15 1000 15
15 1000 15
15 1000 15
15 1000 15
15 1000 15
15 999 15
15 999 15
15 999 15
15 999 15
15 1000 15
15 1000 16
15 1000 15
15 1000 15
15 1000 15
15 999 15
15 1000 15
15 1000 15
15 1000 15
15 999 15
15 999 15
15 1000 15
15 1010 15
15 1007 15
16 1007 15
15 1006 15
16 1006 15
16 1005 15
15 1006 15
15 1006 15
15 1006 15
15 1006 15
15 1006 15
15 1023 15
15 1006 15
15 1006 15
15 1006 15
15 1006 15
15 1006 15
15 1005 15
15 1006 15
726 1006 15
15 1006 15
1001 1006 15
1002 1006 15
1001 1006 15
1002 1006 15
1003 15 15
1002 1005 15
996 1006 15
999 1006 15
15 1007 15
15 1006 15
16 1007 15
15 1007 15
15 1006 15
15 1006 15
15 999 15
15 1020 15
16 1001 15
15 1001 15
15 1000 15
15 1000 15
16 1000 15
15 1000 15
16 1000 15
15 999 16
15 999 15
15 999 15
15 999 15
15 1000 15
15 999 15
15 1000 15
15 999 15
15 997 15
16 994 15
15 990 15
15 867 15
15 15 15
15 15 15
15 15 15
15 15 15
15 15 15
15 15 15
15 15 15
15 15 15
15 15 15
15 15 15
15 15 15
15 15 15
15 15 16
15 15 15
15 15 15
15 15 15
15 16 15
15 15 15
1002 15 15
1001 15 14
1001 15 15
1002 15 15
1003 15 15
1003 15 15
1003 16 15
1003 15 15
1002 15 16
1000 15 15
996 15 15
1000 15 15
1004 15 15
999 15 15
904 15 15
1004 15 15
1005 15 15
1004 16 15
1003 15 15
1003 15 15
1002 15 15
1002 15 15
1002 1005 15
1001 1006 15
984 1006 15
15 1006 15
15 1006 15
16 1009 15
15 1007 15
16 999 15
15 1000 15
15 999 15
16 999 15
15 1000 15
15 1000 15
15 1000 15
15 1000 15
15 1000 15
16 1000 15
15 1000 15
16 999 15
15 999 15
15 999 15
16 999 15
15 1000 15
15 999 15
15 1000 15
15 1000 15
15 1001 15
15 1000 15
16 1000 15
15 999 15
16 999 15
15 999 15
15 1000 15
15 1000 15
15 1000 15
15 1007 15
15 1000 15
15 1006 16
15 1006 15
1000 1005 15
1002 1005 15
1002 15 15
1003 15 15
1002 15 15
1007 15 998
1004 15 15
1005 15 15
1004 15 15
1002 15 15
960 15 15
1001 15 15
1003 15 15
1003 15 15
1003 15 15
1003 15 14
1003 15 15
1003 15 15
1003 15 15
15 15 15
15 15 15
15 14 15
16 998 15
15 982 15
15 1000 15
15 1000 15
15 1000 15
15 1000 16
16 999 15
15 1000 15
15 1016 15
15 1023 15
15 1007 15
15 1006 15
15 1006 15
948 1006 15
877 1007 15
1004 15 15
1003 16 15
1003 15 15
992 15 15
1002 15 15
1001 15 15
1001 15 15
1002 15 15
1002 15 15
1003 15 15
16 15 15
15 15 15
1002 15 15
15 15 15
15 15 15
15 999 15
15 1000 15
15 1000 15
15 1000 15
15 1000 15
15 1000 15
15 1013 15
15 1006 15
830 1005 14
1002 1006 15
1002 15 15
1004 15 15
1003 15 15
944 15 15
1003 15 15
1002 15 15
1001 15 15
1001 15 14
1003 15 14
15 15 15
15 15 15
15 15 15
15 15 15
15 15 16
15 979 15
15 998 15
15 999 15
15 998 15
15 999 15
15 999 15
15 999 15
15 1011 15
15 1006 15
949 1006 15
1003 1007 15
1003 15 14
1002 15 15
1003 15 15
1002 16 15
999 15 15
1003 15 14
1005 15 15
1005 15 15
1001 15 15
1003 15 15
1003 15 15
1001 15 15
1002 15 15
1003 15 15
1001 15 15
1002 15 15
1003 15 15
1003 16 15
1003 15 15
1003 15 15
1002 15 15
15 15 15
15 15 15
15 15 15
15 15 15
15 982 15
15 993 15
15 999 15
15 1000 15
15 1001 15
15 1001 16
15 999 15
15 999 15
16 999 15
15 999 15
15 1000 15
15 1000 15
15 1007 15
588 1006 14
985 1007 15
1003 16 15
1003 15 15
1002 15 15
1002 15 15
1002 15 15
1001 15 15
997 15 15
1002 15 15
1003 15 15
1004 15 15
1003 15 15
1003 15 15
1002 14 15
1002 15 15
1002 15 15
1003 15 15
1004 15 15
1003 15 15
15 15 15
15 15 15
15 15 15
15 15 15
15 994 15
15 998 15
15 999 15
15 999 15
15 999 15
16 1000 15
15 1000 15
15 1000 15
15 1000 15
15 1000 15
15 1000 15
15 999 15
15 999 15
15 999 15
15 1000 15
15 1000 15
15 1000 15
15 1000 15
15 1000 15
15 1000 15
15 999 15
15 999 16
15 1008 16
15 1007 15
15 1011 15
15 1007 15
15 1006 15
15 1007 15
585 1006 15
915 1005 15
15 1006 15
15 1006 15
15 1005 15
1001 1006 15
1002 1006 15
1004 1006 15
1004 1007 15
1004 15 15
1004 15 15
1003 15 15
1004 15 15
926 15 15
1002 15 15
996 15 15
1003 15 15
1002 15 15
1002 15 15
1002 15 15
15 15 15
15 15 15
15 15 15
16 15 15
15 15 15
15 15 15
15 15 15
15 996 15
15 15 15
16 1000 15
15 999 15
16 999 15
15 999 15
15 999 15
15 1000 15
16 1000 15
15 1000 15
15 1000 15
15 1000 15
15 1007 15
15 1007 15
15 1023 15
15 1006 15
15 1006 15
15 1006 15
15 1006 15
1002 1007 15
1001 1006 15
1003 1007 15
1003 1007 15
1000 16 15
1003 15 15
1003 15 15
1003 15 15
1003 15 15
1004 15 15
1005 15 15
1004 15 15
1002 15 15
1002 15 15
1002 15 15
1002 15 15
1002 15 15
15 15 15
15 15 15
15 15 15
15 15 15
15 15 15
15 15 15
15 15 15
15 999 15
16 999 15
15 999 15
15 1000 15
15 980 15
15 1007 15
774 1006 15
1004 1007 15
1004 15 15
1004 15 15
1003 15 15
1001 15 15
1001 15 15
15 15 15
15 15 15
15 994 15
15 998 15
15 1001 15
15 1001 15
16 1023 15
15 1007 15
983 1006 15
1001 1006 15
1002 15 15
1004 15 15
998 15 15
1001 15 15
1003 15 15
15 15 15
15 15 15
16 997 15
16 999 15
15 999 15
15 1006 15
15 1006 15
984 1006 15
1004 15 15
1004 15 15
1005 15 15
1003 14 15
1003 15 15
1003 15 15
1003 15 15
15 15 15
15 15 15
15 15 15
15 998 15
15 1000 15
15 1000 15
15 1000 15
15 997 15
15 1006 15
1002 1006 15
1004 17 15
1002 15 15
1003 15 15
1001 15 15
1002 16 15
1004 15 15
1004 15 15
1003 15 16
1003 15 15
15 15 16
15 15 15
15 996 15
15 998 15
15 1000 15
16 1000 15
15 1000 15
15 1015 15
520 1006 14
1004 16 15
1004 15 15
1002 15 15
1001 15 15
1001 15 15
1002 15 15
1002 15 15
15 15 16
16 15 15
15 998 15
15 1000 15
15 1000 15
15 1000 15
16 1000 15
15 1000 15
15 1006 15
784 1006 15
1003 1006 15
1005 15 15
1004 15 15
998 15 15
1002 15 15
1002 15 15
1001 15 15
15 15 15
15 997 15
16 1000 15
16 1000 15
15 1000 15
15 1000 15
15 1007 15
15 1006 16
15 1006 15
1001 1006 16
1003 15 16
1005 15 14
1005 15 15
1003 15 15
1003 15 15
1003 15 14
1002 15 15
1003 15 15
15 15 15
15 997 15
15 1000 15
16 1000 15
16 1000 15
15 1000 15
15 1007 15
990 1006 15
1002 15 15
1004 15 15
1003 15 15
1004 15 15
1002 16 15
1003 15 15
1003 15 15
1004 15 15
1004 15 15
15 15 15
15 995 15
15 999 15
16 999 15
16 1005 15
1001 1006 15
1004 15 15
1001 15 15
1002 15 15
1002 15 15
15 15 15
15 15 15
16 996 15
15 999 15
15 999 15
15 1001 15
15 1007 15
998 1006 16
972 1006 15
1005 15 15
1005 15 15
1003 15 15
1003 15 15
1002 15 15
15 15 15
15 996 15
16 1000 15
15 1000 15
15 1007 15
1004 15 15
1003 15 15
1004 15 15
1001 15 15
1001 15 15
998 15 15
15 15 15
16 15 15
15 999 15
15 1001 15
15 1000 15
15 1007 15
1002 1006 15
1003 1006 15
1004 15 15
1001 15 15
1003 15 15
1003 15 15
15 997 15
15 1000 15
15 1000 15
15 1014 15
1000 1006 15
1002 189 15
1003 15 15
1003 15 15
1001 15 15
1003 15 15
1004 15 15
16 15 15
15 1001 15
15 1001 15
15 999 15
15 1010 15
986 1005 15
1002 15 15
1001 15 15
1003 15 15
1003 15 15
15 15 15
15 1000 15
15 1000 15
15 1006 15
1003 126 15
1003 15 15
1000 15 15
1001 15 15
1002 15 15
15 15 15
15 999 15
15 1001 15
15 1001 15
15 1006 15
1002 15 15
1004 15 15
1002 15 15
1003 15 15
15 15 16
15 15 15
15 1000 15
15 1000 15
15 1006 15
1002 1005 15
1004 15 15
1003 15 15
1001 15 15
1002 15 15
15 15 15
15 15 15
15 1000 15
15 1000 15
15 1000 15
15 1006 15
1000 1005 16
1004 16 15
1004 15 15
1003 15 15
1003 15 15
15 16 15
15 15 15
15 999 15
15 1000 15
15 1006 15
999 1006 15
1002 15 15
1002 15 15
1001 15 15
1002 15 15
1002 15 15
15 928 15
15 1000 15
15 1000 15
15 1023 15
988 1006 15
1003 15 15
1004 15 15
1003 15 15
1004 15 15
15 0 16
16 1000 15
15 1001 15
15 1006 15
1003 15 15
1004 15 15
1002 15 15
1003 15 15
15 15 15
15 543 16
15 999 15
15 1000 15
16 1023 16
1000 1006 15
1002 15 15
1003 15 15
1002 15 15
1003 15 15
16 16 15
15 999 15
15 1000 15
15 1007 15
993 1006 15
1004 15 15
1004 15 15
1002 15 15
1002 15 15
15 15 15
15 15 15
15 1000 15
15 1000 15
15 1000 15
15 1007 15
1003 1006 15
1003 15 15
1000 15 15
1002 15 15
1002 15 15
1003 15 15
15 15 15
15 1000 15
15 1000 15
15 1007 14
996 1006 15
1004 15 15
1000 15 15
1002 15 15
1002 15 15
15 15 15
15 0 15
15 1000 15
15 1000 15
15 1007 15
1003 15 15
1003 15 15
1003 15 15
1001 16 15
1003 15 15
15 997 15
15 1002 15
15 1007 15
1001 15 15
1004 15 15
1003 15 15
1003 15 15
15 989 15
15 999 15
15 1000 1004
16 1006 16
1003 15 15
1005 15 14
1003 16 15
1002 15 15
15 15 15
15 15 15
15 999 15
15 1023 15
15 1006 15
1004 15 15
1005 15 15
1003 15 15
1004 15 16
15 15 15
15 1000 15
15 1000 15
15 1006 15
971 1006 14
1004 15 15
982 15 15
1002 15 15
1003 15 15
15 15 15
15 999 15
15 1000 15
15 1006 15
1002 1006 15
1003 15 15
1000 15 15
1002 15 15
15 15 15
15 1000 15
15 1008 15
1002 1007 16
1002 15 15
1004 15 15
1003 15 15
1003 15 15
15 995 15
15 1000 15
15 1000 15
15 1007 15
1004 15 15
1005 15 15
1003 15 15
1002 15 15
15 15 15
15 996 15
15 1023 15
991 1006 15
1004 15 15
1002 15 15
1004 15 15
15 650 15
15 1001 15
15 1006 15
1002 15 15
875 15 15
1002 15 14
15 15 15
16 998 15
16 1000 15
230 1006 15
1004 15 15
1004 16 15
1003 15 14
15 15 15
15 999 15
16 1000 15
1000 1006 15
1003 15 15
1002 15 15
1002 15 15
15 999 15
15 1000 15
15 1006 15
1001 1006 15
1002 15 15
1003 15 15
1004 15 15
15 15 15
15 1000 15
15 1000 16
15 1007 15
1004 15 15
998 15 15
1002 15 15
15 15 15
15 998 16
15 1000 15
15 1007 15
1004 15 15
840 15 15
1003 15 15
15 15 15
15 999 15
16 1000 15
15 1006 15
1001 15 15
1004 15 15
1003 15 15
1004 15 15
15 998 15
15 1000 15
15 1008 15
1001 1006 15
1004 15 15
1003 15 15
15 15 15
15 999 15
15 1008 15
1002 1007 15
1004 15 15
1002 15 15
15 15 15
15 966 15
15 1000 15
15 1012 15
997 1006 16
1004 15 15
1003 15 15
1003 15 15
15 15 15
15 999 15
15 1000 15
15 1006 15
1003 15 15
1001 15 15
1002 15 15
16 15 15
16 1000 15
15 1020 15
1000 1006 15
1003 15 15
1001 15 15
1002 15 15
15 15 15
15 993 15
16 1000 15
15 1010 15
15 1007 15
1003 15 15
1005 15 15
1004 15 15
1003 15 15
15 15 14
15 999 15
15 999 15
15 1006 15
1004 15 15
1002 15 15
1003 15 15
1003 15 15
15 15 15
16 999 15
15 1000 15
15 1006 15
1002 1005 15
1000 15 15
1003 15 15
1004 15 15
15 15 15
15 1001 15
15 1000 15
15 1007 15
1003 15 15
1002 15 15
1003 15 15
15 15 15
16 1000 15
15 1007 15
1003 15 15
1005 15 15
1002 15 15
1001 15 15
15 994 15
15 999 15
15 1011 15
15 1006 15
1004 15 15
1005 15 15
1004 15 15
15 15 15
15 1000 15
15 1001 15
15 1006 15
999 1006 15
1003 15 15
1003 15 15
1003 15 15
15 1000 15
15 1001 15
15 1008 15
999 1007 15
1003 15 15
1001 15 15
1002 15 15
15 15 15
15 999 15
16 1000 16
15 1007 15
1004 15 15
1002 15 15
1003 15 15
1004 15 15
16 965 15
15 999 15
15 1006 15
1004 15 15
1002 15 15
1003 15 15
1003 15 15
15 999 15
15 1000 15
15 1006 15
989 1006 15
1003 16 15
1001 15 15
1002 15 15
15 15 15
15 1000 15
15 1000 15
15 1007 15
1003 16 14
1003 15 15
15 15 15
15 1000 15
16 999 15
15 1006 15
1004 15 15
1003 15 15
15 15 16
15 999 15
15 1001 15
15 1006 15
1003 15 15
1004 15 15
1002 15 15
16 15 15
15 1000 15
15 1000 15
15 1008 15
1004 15 15
984 15 15
1002 15 15
15 15 15
15 1001 15
15 1006 15
1003 15 15
1002 15 15
1004 15 15
15 15 15
15 995 15
15 1000 15
15 1006 15
1003 15 15
956 15 15
1002 15 15
15 15 15
15 989 15
15 1000 15
15 1007 15
1003 15 15
1003 15 15
1001 15 14
15 15 15
15 999 15
15 1000 15
15 1006 15
1003 15 15
1003 15 15
1004 15 15
15 15 15
15 1000 15
15 1000 15
15 1006 14
1003 16 15
1002 15 15
1003 15 15
15 995 15
15 1000 15
15 1008 15
1005 15 15
1003 15 15
15 15 15
15 999 15
15 1023 15
1000 1006 15
1004 16 15
1003 15 15
15 15 15
16 1000 15
15 1001 15
15 1006 15
1004 15 15
1002 15 15
1002 15 15
15 976 15
15 1000 15
15 1007 15
1004 15 15
992 15 16
1003 15 15
15 965 15
15 1000 15
15 1006 15
1003 15 15
1000 16 15
1003 15 15
15 15 15
15 1001 15
15 1001 15
15 1007 15
1003 15 15
1002 15 15
1003 15 15
16 15 15
15 945 15
15 1000 15
15 1007 15
1002 1007 15
1003 15 15
1004 15 15
15 15 15
15 999 15
15 1000 15
15 1006 15
1003 15 15
1001 15 15
1003 15 15
15 15 15
15 999 15
15 1002 15
15 1006 15
1003 15 15
1002 15 15
1003 15 15
15 15 15
16 999 15
15 1009 15
1003 15 15
1002 15 15
1004 15 15
15 997 15
15 1000 15
15 1006 15
1003 15 15
1003 15 15
1002 15 15
15 16 15
15 1000 15
16 1007 15
1004 15 15
1003 15 15
1003 15 15
16 704 15
15 999 15
15 1000 15
15 1006 15
1004 15 15
1002 15 15
1003 15 15
15 1000 15
15 1000 15
996 1006 15
1003 15 15
1001 15 14
1001 15 15
15 994 15
16 1000 15
15 1010 15
1002 1007 15
1005 15 15
1002 15 15
1003 15 15
15 15 15
15 1001 15
16 999 15
1004 15 15
1005 15 15
1004 15 15
15 15 15
15 1001 15
15 1023 15
1002 1006 15
1004 15 15
1003 15 15
15 15 15
15 209 15
15 1000 15
15 1007 15
1004 15 15
937 15 15
1003 15 15
15 15 15
15 1000 15
16 1001 15
1002 15 15
1002 15 15
1004 15 15
15 15 15
15 1000 15
1003 1007 15
1005 15 15
1003 15 15
15 15 15
15 999 15
15 1009 15
1002 15 15
1003 15 15
1002 15 15
15 15 15
15 1000 15
15 1016 15
1003 1006 15
1004 15 15
1003 15 15
15 15 15
15 1001 16
15 1007 15
1004 15 15
1004 15 15
15 15 16
15 997 15
15 1000 15
16 1006 15
1004 15 14
1003 15 15
15 15 15
15 999 15
15 1001 15
985 1006 15
1004 15 15
1002 15 16
1002 15 15
15 992 15
15 1000 15
15 1006 15
1004 15 15
1003 15 15
1004 14 15
15 1000 15
16 1008 15
1003 238 15
1003 15 15
1003 15 15
15 15 15
15 999 15
15 1008 15
1003 15 15
1003 15 15
1002 15 15
16 971 15
15 1000 15
15 1006 15
1004 15 15
1001 15 15
15 15 15
15 1000 15
1000 15 15
929 15 15
1002 14 15
15 992 15
15 1000 15
997 1006 15
1003 15 15
1003 15 15
15 15 15
15 999 15
15 1008 15
1003 16 15
1003 15 15
1003 15 15
15 1000 15
15 1007 15
1004 15 15
1001 15 15
15 15 15
15 1000 15
15 1023 15
1003 15 15
1005 15 16
1004 15 15
15 15 15
15 1000 15
15 1000 15
1002 15 15
1004 15 15
1003 15 15
15 15 15
15 1000 15
15 1008 15
1004 15 15
1002 15 15
1002 15 15
15 1000 15
15 1008 15
1002 1006 15
1003 15 15
1002 15 15
15 946 15
15 1000 15
16 1008 15
1003 16 15
1003 15 15
16 15 15
15 1000 15
16 1007 15
1003 16 15
1003 15 15
15 15 15
15 1000 15
15 1007 15
1004 16 15
1003 15 15
15 984 15
16 1000 15
1002 15 15
1001 15 15
1003 15 15
15 1000 15
15 1007 15
1004 15 15
1003 15 15
1003 15 15
15 1001 15
15 1023 16
1003 15 15
1002 15 15
15 15 15
15 1000 14
15 1008 14
1005 15 15
1003 15 15
15 15 15
15 1000 15
984 1006 15
1003 15 15
1002 15 14
15 15 15
15 1000 15
15 1008 15
1005 15 15
1003 15 15
15 15 15
15 1001 15
15 1009 15
1002 15 15
1003 15 15
15 15 15
16 1000 15
1004 15 15
1005 15 15
1003 15 15
15 999 15
15 1023 15
1003 15 15
1003 15 15
1002 15 15
15 1000 15
15 1007 15
1004 15 15
1002 15 14
1002 15 15
15 999 15
16 1006 15
1000 15 15
1003 15 16
15 998 15
755 1006 15
1005 15 15
1004 15 15
15 998 15
16 1014 15
1003 15 15
1002 15 15
15 15 15
15 999 15
15 1006 15
1004 15 15
1003 15 15
15 15 15
15 1023 15
1004 15 15
1001 15 15
15 15 15
15 1000 15
1003 15 15
1003 15 15
15 15 15
15 1000 15
15 1007 15
1005 15 15
1004 15 15
15 997 15
16 1019 14
1003 16 15
1002 15 16
15 16 15
15 1000 15
16 1007 15
1004 15 15
1002 15 15
15 917 15
15 1000 15
1003 16 15
997 16 15
16 15 16
15 1000 15
15 1007 15
1004 15 15
1004 15 15
15 969 15
16 1000 15
1002 15 15
1003 15 15
15 15 15
15 999 15
15 1006 15
1004 15 15
1004 15 15
15 1000 15
966 1007 15
1001 15 15
15 15 15
15 1000 15
15 1006 15
1004 15 14
1004 15 15
15 1000 15
15 1007 15
1003 15 15
1004 15 15
16 15 15
15 1023 15
1003 15 15
1001 15 15
15 15 15
16 1000 15
988 1007 15
1003 15 15
15 15 15
15 1000 15
1003 16 15
884 15 15
1003 15 15
15 15 15
15 1023 15
1002 1006 15
954 15 15
1003 15 15
15 1001 15
15 1008 15
1002 15 15
1002 15 15
1003 15 15
15 999 15
15 1006 15
1004 15 15
1003 15 15
15 999 15
15 1023 15
1003 15 15
1003 15 15
16 15 15
15 999 15
15 1000 15
1003 16 15
1002 15 15
15 996 15
15 1014 15
1002 1007 15
1002 15 15
1003 15 15
15 1001 15
15 1006 14
1001 15 15
1003 15 15
15 999 15
0 1007 15
999 15 15
15 15 15
15 1001 15
557 1006 15
1003 15 15
1002 15 15
15 997 15
15 1007 15
1003 15 15
1002 15 15
15 998 15
15 1000 15
1003 15 15
1002 15 15
15 15 15
15 1000 15
1002 1006 15
1002 15 15
1003 15 15
15 1000 15
15 1007 15
1005 15 15
1003 15 15
15 989 15
15 1000 15
1002 15 15
1001 15 15
1002 15 15
15 1000 15
15 1007 15
1005 15 15
1002 15 16
15 999 15
15 1006 15
1004 15 15
1003 15 15
15 998 15
15 1006 15
1003 14 15
1004 15 15
15 15 15
15 1000 15
1000 15 15
1002 15 15
15 15 15
15 999 15
418 1006 15
1003 15 15
15 15 15
15 1000 15
1003 16 15
1000 15 15
15 15 15
15 1000 15
1004 15 15
1002 15 15
15 973 15
16 1007 15
1003 15 15
1004 15 15
15 15 15
15 1001 15
1004 15 15
1003 15 15
15 15 15
15 1000 15
1003 15 15
1002 15 15
15 986 15
15 1006 15
1004 15 15
1002 15 15
15 999 15
16 1006 15
1004 15 15
1001 15 14
15 500 15
15 1000 15
1003 15 15
1003 15 15
15 15 15
15 1000 15
1001 1007 15
1003 15 15
16 15 15
15 999 15
1000 1006 15
1002 15 15
1003 15 15
16 1000 15
903 1007 14
1004 15 15
1003 15 15
15 1000 15
15 1006 15
1004 15 15
1002 15 15
15 999 15
16 1007 15
1004 15 15
1004 15 15
16 1001 15
15 1006 15
1002 15 15
15 15 16
15 1000 15
1002 15 15
1002 15 15
15 870 15
15 1004 15
1004 16 15
1004 15 14
15 999 15
15 1000 15
1002 15 15
1000 15 15
15 15 15
15 1000 15
1004 15 15
1003 15 15
15 15 15
15 1008 15
1004 15 15
1003 15 16
15 997 15
15 1007 15
1003 15 15
1003 15 15
16 999 15
15 1001 15
1004 15 15
1003 15 15
15 15 15
15 1000 15
15 1006 15
1004 15 15
1002 15 15
15 998 15
15 1007 15
1004 15 15
1004 15 15
15 999 15
15 1008 15
1003 15 16
1003 15 16
15 988 15
16 1004 15
995 1006 15
1002 16 15
16 623 15
16 1001 15
1003 15 15
1003 15 15
15 15 16
15 1000 15
1002 15 15
1002 15 15
15 996 15
15 1007 15
1005 15 15
1002 15 15
15 1000 15
1001 1007 15
1009 16 997
15 15 15
15 1000 15
15 1006 15
991 15 15
1003 15 15
15 1021 15
15 1007 14
1002 15 15
907 15 15
15 1000 15
15 1006 15
903 15 15
16 15 15
15 1000 15
1004 15 14
1003 15 15
15 15 15
15 1000 15
1002 1007 15
1001 15 15
15 15 15
15 1000 15
15 1006 15
997 15 15
1002 15 15
15 1000 16
15 1007 15
1005 15 15
1003 15 15
15 1000 15
1002 15 15
1002 15 15
15 15 15
15 1000 15
997 1006 15
1002 15 15
15 16 15
15 1000 16
993 1007 15
1002 15 15
15 15 15
15 999 15
873 1006 15
1002 15 15
16 962 15
15 1023 16
1004 15 15
1004 15 15
15 999 15
15 1006 15
985 15 15
15 16 16
15 1000 15
1004 15 15
1003 15 15
15 15 15
15 1017 15
1004 15 15
1003 15 15
15 978 15
15 1007 15
1003 15 15
1003 15 15
15 1000 15
983 1006 15
1003 15 15
15 15 15
15 1016 15
1004 15 15
1003 15 15
15 995 15
15 1008 15
1003 15 15
1002 15 15
15 998 15
15 1023 15
1004 15 15
1002 15 15
16 998 15
15 1007 15
1004 15 15
1001 15 15
15 999 15
15 1006 15
1003 15 15
651 15 15
15 1002 15
828 1007 15
1003 15 16
1003 15 15
15 999 15
15 1006 15
1001 15 15
15 16 15
15 1000 15
1003 15 15
1003 15 15
15 998 15
15 1007 15
1004 15 15
15 15 15
15 1000 15
1003 16 15
1001 15 15
15 999 15
15 1010 15
1004 15 15
1004 14 15
15 1000 15
15 1007 15
1003 15 15
15 15 15
15 998 15
15 1005 15
1001 15 15
15 15 15
15 1023 15
1004 15 15
1004 15 15
15 995 15
16 1007 15
1003 15 15
1001 15 15
15 1000 16
15 1007 15
1004 15 15
1004 15 15
15 1000 15
16 1008 15
1003 15 15
1003 15 15
15 991 15
15 980 15
1004 15 15
1003 15 16
15 998 15
15 1007 15
1004 16 15
1004 15 15
15 999 15
15 1007 15
1004 15 15
1001 15 15
16 998 15
15 1007 15
1004 15 15
999 15 15
15 998 15
15 1007 15
1003 15 16
16 15 15
15 1000 15
1002 15 16
1003 15 15
15 999 15
15 1007 15
1004 15 15
15 15 15
16 1000 15
1000 15 15
1003 15 15
15 15 15
15 999 15
1001 1006 15
1002 15 15
15 997 15
15 1008 16
1005 16 15
1004 15 15
15 999 15
15 1006 15
1001 15 15
15 15 15
15 1000 15
1002 15 15
1000 15 15
16 15 15
15 1001 15
1004 15 15
982 15 15
15 15 15
15 1000 15
1002 15 15
1001 15 15
15 16 15
15 1000 15
1004 15 15
1002 15 15
15 1000 15
1001 1006 15
1004 15 15
15 15 15
15 1001 15
1001 15 15
1003 15 15
15 15 15
15 1000 15
1004 15 14
1003 15 15
15 999 15
15 1000 15
1003 15 15
15 15 15
15 1000 15
1004 15 15
1002 15 15
15 1000 15
642 1007 15
1001 15 15
15 974 15
15 1023 15
1003 15 15
1003 15 15
16 1001 16
15 1007 15
1004 15 15
15 15 15
15 1001 15
1004 15 15
1003 15 15
15 983 15
15 1007 15
1003 15 15
15 15 15
15 1000 15
1003 15 15
1001 15 15
15 15 15
15 1011 15
1004 15 15
1002 15 15
15 997 15
15 1006 15
1004 15 15
1004 15 15
15 1001 15
15 1007 15
1004 15 15
16 15 15
15 1000 15
1001 16 15
1002 15 15
15 997 15
15 1006 15
1004 15 15
1004 15 14
15 1000 15
15 1008 15
1004 15 15
1002 15 15
15 1000 15
1001 1006 15
986 15 15
15 15 15
15 1000 15
1004 15 15
1004 14 15
15 1002 15
1003 15 15
1003 15 15
15 990 15
15 1007 14
1003 15 15
1003 15 15
15 1000 15
1003 15 15
1005 15 15
15 15 15
15 1000 15
1002 15 15
1001 15 15
15 990 15
15 1006 15
1004 15 15
999 15 15
15 1000 15
818 1007 15
1002 15 15
15 15 15
15 1000 15
1002 16 15
1003 15 15
15 15 14
15 1000 15
1002 15 15
1003 15 15
15 15 15
15 1000 15
1002 16 15
999 15 15
16 15 15
15 999 15
1002 15 15
1002 15 16
15 1000 15
15 1008 15
1004 15 15
1004 15 15
15 1001 15
15 1006 15
1003 15 15
1003 15 15
15 999 15
15 1006 15
1002 15 15
1004 15 15
15 1000 15
1003 15 15
1003 15 15
15 999 15
15 1006 15
1002 15 15
15 15 15
15 1009 15
814 15 15
1003 15 15
15 1000 16
16 1007 15
1002 15 15
15 255 16
15 1001 15
1003 15 15
1003 15 15
15 998 15
15 1007 15
1004 15 15
1004 15 15
15 1000 15
1004 15 15
1003 15 15
15 999 15
15 1018 15
1003 15 15
1002 15 15
15 1000 15
829 1007 15
1004 16 15
1003 15 15
16 1000 15
1001 1006 15
1001 15 15
15 15 16
15 1001 15
1003 15 15
1004 15 15
15 1000 15
1003 15 15
1000 15 15
15 16 15
15 1023 15
1003 15 15
1003 15 15
15 998 15
15 1006 15
1004 16 15
1003 15 15
15 1000 15
662 1007 15
1002 15 15
15 1000 16
978 1006 15
1001 14 15
15 15 15
15 1006 15
1004 16 15
15 15 16
15 1023 15
1004 15 15
1004 15 15
15 999 15
15 1006 15
1001 16 15
15 15 15
15 1006 15
1004 15 15
1002 15 15
15 1000 15
1003 15 15
1002 15 15
16 998 15
1000 1006 15
1001 15 15
15 15 15
15 1006 15
1003 15 15
15 16 15
15 1000 15
1004 1007 15
1003 15 15
15 956 16
15 1006 15
1003 15 15
1003 15 15
15 1000 15
1000 15 15
1003 15 15
15 999 15
16 1007 15
1004 15 15
15 15 15
15 1023 15
1003 15 15
998 15 15
16 999 15
15 1007 15
1004 15 15
15 15 16
16 1023 16
1004 15 15
1003 15 15
15 999 15
1002 15 15
1003 15 15
15 1000 15
1003 15 15
1004 15 15
16 999 15
15 1007 15
1003 15 15
15 998 15
15 1006 15
1004 15 15
1001 15 15
15 1000 15
932 1006 15
1002 15 15
15 1000 15
0 1007 15
1003 15 15
15 15 15
15 1006 15
1004 15 15
15 15 15
15 1000 15
1004 15 15
1003 15 15
15 999 15
15 1007 15
1002 15 15
15 15 15
15 999 15
995 1006 15
1002 15 15
15 997 16
15 1023 15
1004 15 15
1004 15 15
16 1002 15
1002 15 15
1003 15 15
15 999 15
15 1006 15
1001 15 15
15 551 15
15 1000 15
1004 15 15
1003 15 15
15 1000 15
1000 1006 15
1002 15 15
15 995 15
15 1007 15
1002 15 15
15 938 15
15 1007 15
1002 15 15
15 975 15
15 1007 15
1002 15 15
15 999 15
15 1007 15
999 15 15
15 996 15
16 1008 15
988 15 15
1002 15 15
15 1007 15
1005 15 15
1004 15 15
15 1000 15
1003 15 15
1002 15 15
15 1023 15
1004 15 15
15 15 15
15 1000 15
1005 15 15
1003 15 15
15 1000 15
1002 15 14
1003 15 15
15 1000 15
916 1006 15
1003 15 15
15 999 15
15 1007 15
1003 15 15
15 999 15
999 1006 15
1003 15 15
16 1000 15
1002 15 15
1003 15 15
15 999 15
1004 15 15
1002 15 15
15 1000 16
1003 15 15
1002 15 15
15 1000 15
1000 1006 15
1003 15 15
15 1001 15
1003 15 15
15 15 15
15 1023 15
1003 15 15
15 1000 15
996 1006 14
1003 15 15
15 999 15
1002 15 15
1003 15 15
15 1000 15
1004 15 15
1003 298 15
15 1007 15
1003 15 15
15 15 15
15 1006 15
1003 15 15
15 999 15
1002 15 15
1004 14 15
15 1002 15
1004 15 15
15 15 15
15 1007 15
1004 15 15
16 947 15
15 1006 15
1002 15 15
15 997 15
15 1006 15
1003 15 14
15 1000 15
1003 16 15
1003 15 15
15 1023 15
1004 15 15
15 15 15
15 1006 15
1002 15 15
15 999 15
15 1007 15
1002 15 15
15 1001 15
1004 16 15
46 15 15
15 1000 15
923 15 15
15 998 15
1002 15 15
1003 15 15
15 1023 15
993 16 16
15 999 15
999 1007 15
1003 15 15
15 1006 15
996 15 15
16 997 15
16 1006 15
1002 15 15
15 1000 15
1004 15 15
1004 930 15
15 1007 16
1002 15 15
15 1000 15
1003 15 15
1003 984 15
15 1005 15
1002 15 15
15 999 15
1000 15 15
1004 15 16
15 1000 15
1004 15 15
15 15 16
16 1007 15
1004 15 15
15 997 15
15 1006 15
1004 15 15
15 1000 15
1004 15 15
15 15 15
15 1007 15
1001 15 15
15 999 15
1002 15 15
1003 15 15
15 1000 15
1004 16 14
15 998 15
1002 15 15
1004 15 15
15 1000 16
1003 15 15
15 996 15
1001 15 15
1002 15 15
15 1010 15
1003 15 15
16 1000 15
1004 15 994
15 15 15
15 1007 15
1002 15 15
15 1001 15
1003 15 15
15 998 15
15 1010 15
1003 15 15
15 1001 15
1004 15 15
15 15 15
15 1006 15
1002 15 15
15 1023 15
1003 15 15
15 15 15
15 1006 15
1003 15 15
16 1000 15
1004 15 15
1004 15 15
16 1007 15
1001 15 15
15 1000 15
1002 15 15
1003 15 16
15 1006 15
1003 15 15
16 1001 15
1004 15 15
15 977 15
15 1006 15
1003 15 15
15 999 15
1003 15 15
15 997 15
16 1007 15
1003 15 15
15 1000 15
1004 15 15
15 999 15
1004 15 15
15 15 15
801 1006 15
1002 15 15
15 1007 15
1002 15 15
15 1000 15
1004 16 15
15 991 15
15 1007 15
1003 15 15
15 1011 15
1000 15 15
15 1000 16
1003 15 15
15 15 15
967 1007 15
1003 15 15
15 1008 15
1003 15 15
15 1000 15
1004 16 15
15 357 15
15 1006 16
1003 15 15
15 1001 15
1004 15 15
15 998 15
873 1008 15
1002 15 15
15 1023 15
1000 15 15
15 999 15
1003 15 15
15 15 16
16 1007 15
1003 15 15
15 1001 15
932 15 15
15 976 15
992 1006 15
1002 15 15
15 1000 15
1001 15 15
15 999 15
1003 15 15
15 990 15
1004 15 15
15 15 15
691 1007 15
1002 15 15
15 1000 15
1002 15 15
15 998 15
1002 16 15
15 0 15
15 1007 15
1003 15 15
15 1023 15
1005 15 15
15 997 15
1002 15 15
15 15 15
15 1006 15
1003 15 15
15 1000 15
1002 15 15
15 997 15
976 15 15
15 15 15
15 1008 15
1000 16 15
15 998 15
1001 15 15
1002 15 15
15 1000 15
843 15 15
15 995 15
997 15 15
1004 15 15
15 1006 15
1002 15 15
15 999 15
1003 15 15
15 15 15
16 1007 15
1000 15 15
15 1000 15
1004 15 15
15 946 15
15 1006 15
1001 15 15
16 1000 15
1002 15 15
16 1000 15
1004 15 15
15 1000 15
1003 15 15
15 15 15
998 1008 1001
1003 15 15
15 1023 15
1002 15 15
16 999 15
1003 15 15
15 999 15
15 1007 15
1003 15 15
15 1007 15
995 15 15
15 1001 15
1002 16 15
16 985 15
1002 15 15
1003 15 15
15 1000 15
1003 15 15
15 1000 15
1004 15 14
15 15 15
15 1007 15
1002 15 15
15 1000 15
1003 15 15
16 994 15
1003 15 15
15 15 15
1001 15 15
999 15 15
15 1017 15
1003 15 15
15 1000 15
1001 15 15
15 790 15
1003 15 15
1004 15 15
15 1007 15
1005 15 15
15 1000 15
1004 15 15
15 999 15
1002 15 15
15 15 15
489 1006 15
1003 15 15
15 1006 15
1003 15 15
16 1007 16
1005 14 15
15 1000 15
1004 16 15
990 16 15
1004 15 15
1003 15 16
15 1007 15
1002 14 15
15 1000 15
1002 15 15
15 1000 15
1004 15 15
15 994 15
1002 15 15
1003 15 15
15 1006 15
1003 15 15
15 1000 15
1005 15 15
15 999 15
1002 15 15
1003 15 15
15 1007 15
1002 15 14
15 1000 15
996 15 15
15 1000 15
1003 15 15
15 990 15
15 1007 15
1003 15 15
15 1000 15
1001 15 15
15 1000 15
1004 15 15
15 965 15
1001 15 15
1004 15 15
15 1007 15
1003 15 15
15 1007 15
1004 15 15
15 1000 15
1002 15 15
15 1000 15
1003 15 15
15 998 15
1003 15 15
1004 15 15
15 1007 15
1003 15 15
15 1000 15
1002 15 15
15 1000 15
1004 15 15
15 999 15
1004 15 15
15 15 15
15 1007 15
1003 15 15
16 1001 15
1003 15 15
15 1000 15
1004 15 15
15 15 15
15 1006 15
1002 15 15
15 1000 15
1004 15 15
15 1000 15
1003 15 15
15 15 15
15 1006 15
1002 15 15
15 1000 15
1002 15 15
15 1000 15
1003 15 15
15 15 16
993 1007 15
1002 15 15
15 1009 15
1002 15 15
15 1000 15
1004 15 16
15 999 15
1003 15 15
15 1000 15
1003 15 15
15 970 15
1005 15 997
1004 15 15
15 1006 15
1002 15 15
15 1000 15
1002 15 15
15 1023 15
1003 15 15
16 15 15
1001 15 15
1004 15 15
15 1007 15
1003 15 16
15 1007 15
1003 15 15
15 999 15
1003 15 15
15 999 15
982 1007 15
1004 15 15
15 1008 15
1001 15 15
15 1001 15
1003 15 15
15 15 15
1001 15 15
15 15 15
1000 16 15
15 15 15
15 1008 15
1003 15 15
15 1007 15
1002 15 15
15 1000 15
1004 15 14
15 15 15
999 1006 15
15 15 15
16 1008 15
1003 15 15
15 1009 15
1003 15 15
15 1017 15
1001 15 15
15 1001 15
989 15 15
16 1000 15
1004 15 15
15 999 15
1005 15 15
15 15 16
1002 15 15
15 15 16
15 1007 15
1003 15 15
15 1006 15
1002 15 15
15 1000 15
1003 15 15
16 1000 15
917 15 15
15 1000 15
1004 15 15
15 991 15
1002 15 15
15 15 15
15 1007 15
1002 15 15
15 1023 15
1003 15 15
15 1001 15
1004 15 15
15 1000 15
1003 15 15
15 964 15
1002 15 14
16 15 15
15 1007 15
1003 15 15
15 1001 15
1003 15 15
15 1000 15
1005 15 15
15 999 15
1003 15 15
15 15 15
1003 15 15
15 999 15
1003 16 15
15 0 16
1002 15 15
15 15 15
991 1006 15
15 15 15
16 1006 15
1002 15 15
15 1000 15
909 15 15
15 1000 15
1004 15 15
15 1000 15
1004 15 15
16 996 15
1002 15 15
15 705 15
15 1006 15
1003 15 15
15 1007 15
1002 15 15
16 1000 15
1005 15 15
15 842 15
1002 15 15
15 15 15
15 1008 15
1002 15 15
15 1000 15
1004 15 15
16 999 15
1004 15 15
15 15 16
15 1007 15
1003 517 15
15 1007 15
1003 15 15
15 999 15
1003 15 15
15 1002 15
1003 15 15
15 15 15
1002 15 15
1004 818 15
15 1006 15
1003 15 15
15 1006 15
1003 15 15
15 1007 15
1003 15 15
15 1008 15
1003 15 15
15 1000 15
991 15 15
15 1000 15
1004 15 15
15 1000 15
1004 15 15
15 15 15
993 1007 14
1003 15 15
15 1007 15
1003 15 15
15 1007 15
1002 15 15
15 1000 15
937 15 15
15 999 15
1004 15 15
15 892 15
15 1007 15
15 16 15
16 1007 15
1003 15 15
15 1000 16
985 15 15
16 1000 15
1002 16 15
15 999 15
1004 15 15
16 1000 15
1004 15 15
15 15 15
957 1007 15
1003 15 15
15 1006 15
1002 15 15
15 1000 15
1002 15 15
15 1011 15
1002 15 15
15 1001 15
1002 15 15
15 1000 16
955 15 15
15 1000 15
1004 15 15
15 1000 15
1004 15 15
16 992 15
1004 16 15
15 997 15
1004 15 15
1004 15 15
15 1006 15
1002 15 15
15 1007 15
1002 15 15
15 1007 15
1003 15 15
15 1023 15
984 15 15
16 1001 15
1004 15 15
15 997 16
1002 15 15
15 15 15
16 1006 15
1003 15 15
15 1008 15
1003 15 15
15 1000 15
1003 15 15
15 1000 15
1002 15 15
16 1001 15
1003 15 15
15 998 15
997 1006 15
1003 991 15
15 1007 15
1003 15 15
15 1008 15
1003 15 15
15 993 15
1001 15 15
15 1007 15
1002 15 15
15 1023 15
1003 15 15
16 1001 15
1003 15 15
15 1001 16
1005 15 15
15 999 15
1003 15 14
15 15 15
1002 15 15
15 15 15
999 1007 15
1004 15 15
601 1007 15
1003 15 15
15 1007 15
1003 15 15
15 1015 15
1002 15 15
15 1000 14
928 15 15
15 999 15
1003 15 15
15 16 16
15 1008 15
1003 15 15
15 1023 15
1002 16 15
15 999 15
999 15 15
16 1001 15
1003 15 15
15 997 15
1003 15 15
1004 1000 15
15 1007 15
1002 15 15
15 1010 15
1002 15 15
15 1000 15
1004 15 15
15 1000 15
958 15 15
15 1000 15
1005 15 15
15 1000 15
1004 15 15
15 998 15
1008 15 15
15 973 15
1003 15 15
16 998 15
997 1007 15
16 15 15
15 1007 15
1003 15 16
15 1007 15
1002 15 15
15 1000 15
1001 15 15
15 1000 15
986 15 15
15 1000 15
1004 16 15
16 1000 15
1005 15 15
1002 932 15
970 1006 15
1002 15 15
15 1006 15
1002 15 15
15 1000 15
1004 15 15
15 1001 15
1004 15 15
15 1000 15
1004 15 15
15 997 15
1003 15 15
15 15 15
1004 15 15
1003 15 15
1004 15 15
1004 15 15
15 1009 15
1003 15 16
15 1023 15
1001 15 15
15 1014 15
1003 15 15
15 1000 15
1003 15 15
15 1010 15
1003 15 15
15 1021 15
1002 15 15
15 1000 15
994 15 15
15 1000 15
1003 15 15
15 1000 16
961 15 15
15 999 15
1004 15 15
15 1000 15
1005 15 15
15 999 15
1003 15 15
15 997 15
1003 15 15
15 999 15
1003 15 16
15 15 15
1002 15 15
1005 15 15
15 1007 15
1002 15 15
15 1008 15
1002 15 15
15 1023 15
1003 15 15
16 1000 15
1003 15 15
15 1000 15
1001 15 15
15 1000 16
1003 15 15
15 998 15
1003 15 15
15 461 15
1002 15 15
15 983 15
15 1007 15
15 704 15
1003 15 15
15 15 16
1003 15 15
15 997 15
1002 15 15
15 996 15
1003 16 15
16 15 15
15 1007 15
1003 15 15
15 1007 15
1003 15 15
15 1007 15
1002 15 15
15 1007 15
1002 15 15
15 1012 15
1003 15 16
15 1009 15
1003 15 15
16 1001 15
1003 15 15
15 1000 15
1004 15 15
15 1000 15
999 15 15
15 15 15
998 1006 15
1003 15 15
15 1007 15
1003 15 15
15 1018 14
1002 15 15
15 1000 15
1002 15 15
15 999 15
1002 15 15
15 1000 15
1005 15 15
15 1000 15
1005 16 15
15 990 15
1003 15 15
15 15 15
1003 15 15
15 999 15
1003 15 15
15 990 15
1003 15 15
15 999 15
1005 15 15
15 999 15
1004 15 15
15 990 15
1004 15 15
1004 15 15
1005 15 15
15 1000 15
1002 15 16
15 15 15
1004 16 15
15 15 15
886 1006 15
15 15 15
15 1007 15
16 15 15
1003 15 15
1004 14 15
15 1007 15
1003 15 16
15 1001 15
1003 15 15
15 1008 15
1004 15 15
15 1000 15
809 15 15
15 1000 15
1003 15 15
15 1000 15
1005 15 15
15 1001 16
1003 15 15
15 998 15
1002 15 15
15 997 15
1002 15 15
15 15 15
1004 15 15
15 158 15
1004 15 15
15 999 15
1002 15 15
15 1000 15
1004 15 15
15 999 15
1004 15 15
15 1000 15
1004 15 15
15 1000 15
1004 15 15
15 999 15
1004 15 15
15 999 15
1003 16 15
15 995 15
1003 15 15
15 999 15
1003 15 15
15 1000 15
1004 15 15
15 1000 15
1004 15 15
15 998 15
1002 15 15
15 989 15
1002 15 15
15 15 15
521 1007 15
15 15 15
762 1007 15
16 15 15
957 1007 15
1002 15 15
15 1006 15
15 15 15
15 1006 15
1003 15 15
16 1007 15
1003 15 15
15 1007 15
1004 15 15
15 1011 15
1002 15 16
15 1006 15
1002 15 15
15 1006 15
15 15 15
15 1007 15
15 15 15
1002 15 15
1004 566 15
997 15 15
15 15 15
15 1006 15
1002 15 15
998 1006 15
1003 15 15
391 1007 15
15 15 15
15 1007 15
15 15 15
1003 15 15
1003 15 16
15 1006 15
16 15 15
16 1007 15
1002 15 15
15 1007 15
1003 15 15
15 1000 15
1003 15 15
15 1000 15
1004 15 15
15 999 15
1003 15 15
15 999 15
980 15 15
15 999 15
1004 16 15
15 998 16
1004 16 15
15 15 15
1001 15 15
1003 990 15
979 1006 15
15 15 15
15 1006 15
1003 15 15
15 1007 15
15 15 15
1001 15 15
15 996 15
1003 15 15
15 990 15
1003 15 15
15 976 15
1002 15 15
16 952 15
1002 15 15
16 15 15
1006 15 15
15 999 15
900 1006 15
15 15 15
1000 15 15
15 15 15
1003 15 15
15 999 15
996 1007 15
15 15 15
1003 15 15
15 15 15
993 1006 14
15 15 15
15 1006 15
1003 15 15
994 1007 15
1003 15 16
15 1007 15
1004 15 15
978 1007 15
15 15 15
571 1006 15
15 15 15
959 1006 15
15 999 15
15 1007 15
15 1000 15
1002 15 15
15 15 15
1003 1007 15
15 998 15
1002 15 15
15 996 15
1004 15 15
15 1000 15
1005 15 15
15 1000 15
1003 15 15
15 1000 15
1004 15 15
15 1007 15
1002 15 15
15 1006 15
15 993 16
1003 1006 15
15 15 15
15 1007 15
15 15 15
1003 15 15
15 998 15
1003 15 15
15 999 15
1004 15 15
15 999 15
1004 16 15
15 1000 15
996 15 15
15 1000 15
1004 15 15
15 1001 15
1005 15 15
16 1000 15
1002 15 15
15 1000 15
1002 15 15
16 1007 15
1003 15 15
15 1007 15
1002 14 15
15 1007 15
1002 15 16
15 1006 15
1002 156 16
15 1006 15
1003 880 15
1003 15 15
15 995 15
1003 15 15
15 1000 15
1002 15 14
15 1000 15
1003 15 15
15 1008 15
1002 15 15
15 1006 15
1003 15 15
15 1007 15
15 15 15
15 1007 15
15 15 15
1002 15 15
15 997 15
1002 15 15
15 999 15
1004 15 15
15 999 15
1005 15 15
16 1000 15
1005 15 15
15 1000 15
1001 15 15
15 999 15
1003 15 16
15 999 15
997 15 15
16 1000 15
1003 15 15
15 1007 15
1003 15 15
15 1023 15
1003 15 15
15 1008 15
1002 15 15
15 1006 15
1002 15 15
15 1006 16
15 15 15
15 1007 15
1003 866 15
1004 15 15
15 999 15
1003 15 15
15 1000 15
1002 15 15
15 1023 999
1003 15 15
15 1007 15
1004 15 15
979 1007 15
15 15 15
15 1006 15
15 759 16
1004 15 15
15 1000 15
1003 15 15
15 1000 15
1001 15 15
15 1009 15
1003 15 15
15 1007 15
1002 15 15
1003 15 15
1003 15 15
16 1006 15
123 15 15
1001 15 15
1002 981 15
1003 15 15
16 994 15
1003 16 15
15 999 15
956 15 15
16 1001 15
821 15 15
15 1014 15
1002 15 15
15 1007 15
1003 15 15
15 1007 15
1003 15 15
15 1006 15
16 15 15
1001 15 15
16 997 15
1003 15 15
15 1000 15
1003 15 15
15 1007 15
15 15 15
15 1007 15
15 0 15
1004 16 15
15 997 15
1002 15 15
15 1006 15
871 15 15
15 1000 15
1003 15 15
16 1007 15
15 15 15
1003 15 15
15 999 15
1003 16 15
15 999 15
1001 15 15
15 1000 15
1003 15 15
15 1007 15
1003 15 15
15 1007 15
1003 15 15
976 1006 15
15 15 15
1003 15 15
15 999 15
1003 15 16
15 1002 15
1002 15 15
15 1008 15
1003 16 15
15 1007 14
1002 15 15
53 1006 15
15 15 16
1003 15 14
15 997 15
999 15 15
16 1023 15
1003 15 15
15 1007 15
15 15 15
1004 15 15
15 999 15
1003 15 15
15 1000 15
993 15 15
15 1002 15
1003 15 15
15 1007 15
15 15 15
1003 15 15
15 999 15
1004 15 15
15 1000 15
1002 15 15
15 1000 15
1003 15 15
15 1007 15
1003 15 15
15 1007 15
15 15 15
993 15 15
15 15 15
1003 15 15
15 998 15
1004 16 15
15 1000 15
1003 15 15
15 1023 15
1002 15 15
15 1006 15
16 15 15
415 1006 15
15 15 15
1002 15 15
15 999 15
1004 15 15
15 1000 15
1002 15 15
16 1007 15
15 15 15
1003 15 15
15 999 16
1002 15 15
15 1006 15
1003 15 15
15 1007 15
15 998 15
1003 15 15
16 1001 15
1002 15 15
15 1006 15
1002 15 15
1002 15 15
15 871 15
1004 15 14
16 1000 15
1003 15 15
15 1009 15
1003 15 15
15 1006 15
15 15 15
984 15 15
15 998 15
1000 15 15
16 1000 15
1003 15 15
15 1007 15
1003 15 15
1004 15 15
15 1001 15
876 15 15
15 1007 15
1002 14 16
1004 15 15
1004 959 15
1003 15 15
16 1000 14
1003 15 15
15 1000 15
1002 15 15
1003 15 15
15 999 15
1000 15 15
15 1006 15
15 15 15
1004 15 15
15 1000 16
1003 15 15
15 1007 15
1003 15 15
1003 16 15
15 1000 15
1001 15 16
15 1007 15
1002 15 15
1000 15 15
15 1000 15
1002 15 15
15 1007 15
1003 15 15
1002 15 15
15 999 15
1002 16 15
15 1000 15
1003 15 15
15 1007 15
15 15 15
1004 15 15
15 1000 15
1003 15 15
15 1006 15
1003 992 15
1002 15 15
15 1000 15
1001 15 15
16 1015 15
1003 15 15
986 1007 15
15 999 15
983 15 15
15 1000 15
1002 15 15
997 15 15
15 999 15
1002 15 15
15 1007 15
15 0 15
1004 15 15
15 1000 15
1003 15 15
798 1006 15
15 15 15
1003 15 15
15 1001 15
1002 15 15
15 1006 15
15 995 15
997 15 15
15 1023 15
1003 15 15
999 16 15
15 999 15
1003 15 15
15 1000 15
1002 15 15
15 1006 15
15 15 15
1004 15 15
15 1000 15
1004 15 15
15 1009 15
1003 228 15
1003 15 15
15 998 15
1002 15 15
15 1007 15
1002 993 15
1003 15 15
15 1000 15
1002 15 15
15 1010 15
1002 15 15
1002 15 15
15 999 15
1003 15 15
980 15 15
15 1000 15
1002 15 15
15 1007 1001
16 999 16
1003 15 15
15 1000 15
1003 15 15
1000 15 15
15 998 15
1004 15 15
15 1007 15
15 798 15
998 15 16
16 999 15
1001 15 15
1003 15 15
15 999 15
1004 15 15
15 1007 15
1003 15 15
997 1006 15
15 998 15
1004 15 15
16 1000 15
1002 15 15
935 1006 15
15 996 15
1001 15 15
15 1007 15
16 15 15
1004 15 15
15 1002 15
15 15 15
15 1006 16
15 15 15
1004 15 15
16 1006 15
1002 15 15
1002 15 15
15 1000 14
1003 15 15
